4
10
1643399051
1643399203
1643399209
1643399278
-1
1643399941
1643399957
1643399963
1643400087
1642553433
1643400135
1643400138
1643400141
1643400145
1643400147
1643400149
1643400151
1643400154
1643400156
1643400159
1643400161
1643401068
1643400147
1643401424
1643401594
1643401807
1643401860
1643401893
1643402045
1643402073
1643402139
1643402222
1643402234
1643402364
1643402491
1643402510
1643402522
1643402588
1643402624
1643402641
1643402697
1643402782
1643403377
1643403427
1643403461
1643403529
1643403560
1643403573
1643403595
1643403664
1643403708
1643403758
1643403794
1643403835
1643403919
1643403982
1643403992
1643404093
1643404125
1643404214
1643404257
1643404358
1643404398
1643404427
1643404487
1643404510
1643404516
1643404540
1643404642
1643404711
1643404757
1643404826
1643404884
1643404900
1643404955
1643405018
1643405039
1643405135
1643405187
1643405220
1643405248
1643405327
1643405347
1643405413
1643405438
1643405447
1643405472
1643405504
1643405539
1643405634
1643405696
1643405765
1643405851
1643405911
1643406090
1643406218
1643406317
1643406351
1643406604
1643406641
1643406805
1643406878
1643406962
1643407034
1643407209
1643407262
1643407310
1643407349
1643407485
1643407496
1643407592
1643407648
1643407685
1643407709
1643407747
1643407920
1643407923
1643407934
1643407923
1643407923
1643407923
1643407923
1643407923
1643408850
1643408928
1643409002
1643409021
1643409053
1643409062
1643409076
1643409180
1643409195
1643409240
1643409266
1643409294
1643409347
1643409384
1643409555
1643409574
1643409621
1643409656
1643409701
1643409767
1643409794
1643410074
1643410147
1643410151
1643410278
1643410360
1643410494
1643410517
1643410555
1643410629
1643410656
1643410704
1643410748
1643410793
1643410797
1643410861
1643410957
1643411077
1643411122
1643411139
1643411208
1643411232
1643411242
1643411301
1643411327
1643411467
1643411586
1643411680
1643411721
1643411739
1643411751
1643411902
1643411979
1643412064
1643412133
1643412207
1643412313
1643412397
1643412637
1643412676
1643412716
1643412738
1643412843
1643412878
1643412967
1643413077
1643413252
1643413320
1643413393
1643413454
1643413484
1643413507
1643413564
1643413616
1643413655
1643413675
1643413720
1643413800
1643413808
1643413825
1643413852
1643413892
1643413948
1643413984
1643413990
1643414017
1643414072
1643414136
1643414257
1643414334
1643415548
1643415567
1643415622
1643416089
1643416176
1643416275
1643416323
1643416416
1643416524
1643416568
1643416740
1643416900
1643416947
1643416960
1643417038
1643417173
1643417213
1643417238
1643417305
1643417553
1643417615
1643417656
1643417701
1643417813
1643417905
1643417948
1643418012
1643418089
1643418183
1643418236
1643418304
1643418357
1643418592
1643418608
1643418699
1643418899
1643418911
1643418937
1643419046
1643419148
1643419727
1643419745
1643419777
1643419819
1643419832
1643420048
